<?xml version="1.0" standalone="no"?>
<!DOCTYPE svg PUBLIC "-//W3C//DTD SVG 20010904//EN"
 "http://www.w3.org/TR/2001/REC-SVG-20010904/DTD/svg10.dtd">
<svg version="1.0" xmlns="http://www.w3.org/2000/svg"
 width="825.000000pt" height="132.000000pt" viewBox="0 0 825.000000 132.000000"
 preserveAspectRatio="xMidYMid meet">
<metadata>
Created by potrace 1.15, written by Peter Selinger 2001-2017
</metadata>
<g transform="translate(0.000000,132.000000) scale(0.100000,-0.100000)"
fill="#000000" stroke="none">
<path d="M6533 1256 c-177 -43 -312 -185 -364 -383 -27 -102 -30 -298 -5 -393
43 -169 146 -305 281 -371 68 -33 72 -34 200 -34 128 0 131 1 200 34 132 64
233 196 276 358 26 98 28 266 5 373 -64 300 -322 481 -593 416z m211 -71 c149
-39 256 -158 303 -338 20 -78 23 -271 4 -347 -22 -92 -79 -199 -135 -255 -63
-62 -129 -95 -222 -108 -126 -19 -257 30 -340 127 -51 60 -104 175 -120 264
-74 420 176 744 510 657z"/>
<path d="M50 670 l0 -570 343 0 343 0 -4 35 -4 35 -302 2 -301 3 0 230 0 230
253 3 252 2 0 30 0 30 -252 2 -253 3 -3 233 -2 232 290 0 290 0 10 26 c6 14
10 30 10 35 0 5 -134 9 -335 9 l-335 0 0 -570z"/>
<path d="M950 670 l0 -570 35 0 35 0 0 520 c0 286 3 520 8 520 4 0 158 -234
341 -520 l334 -520 49 0 48 0 0 570 0 570 -40 0 -40 0 0 -512 c0 -437 -2 -510
-14 -498 -7 8 -85 128 -173 265 -87 138 -230 361 -317 498 l-159 247 -54 0
-53 0 0 -570z"/>
<path d="M2100 670 l0 -570 208 0 c131 1 236 6 285 15 260 46 406 239 407 537
0 232 -86 419 -239 518 -88 56 -174 70 -433 70 l-228 0 0 -570z m549 475 c104
-35 189 -125 237 -250 22 -58 28 -91 32 -193 7 -196 -24 -302 -120 -407 -88
-97 -190 -125 -455 -125 l-163 0 0 500 0 499 148 3 c164 3 254 -4 321 -27z"/>
<path d="M3220 670 l0 -570 340 0 340 0 0 35 0 35 -305 0 -305 0 0 235 0 235
250 0 250 0 0 33 0 32 -247 0 -248 0 -3 233 -2 232 290 0 c159 0 290 1 290 3
0 1 4 17 9 35 l10 32 -335 0 -334 0 0 -570z"/>
<path d="M4547 1233 c-5 -8 -30 -68 -185 -443 -49 -118 -132 -319 -186 -447
-53 -127 -96 -234 -96 -238 0 -3 16 -5 36 -3 l36 3 63 150 63 150 240 3 240 2
11 32 c6 17 11 32 11 34 0 2 -105 5 -234 6 l-234 3 135 325 c74 179 138 329
142 333 4 4 43 -77 85 -180 43 -103 89 -213 101 -243 13 -30 47 -111 75 -180
29 -69 74 -177 100 -240 27 -63 56 -134 65 -157 16 -40 20 -43 56 -43 l40 0
-14 28 c-8 15 -39 88 -70 162 -30 74 -99 241 -153 370 -53 129 -125 305 -160
390 -35 85 -68 162 -73 170 -9 16 -86 27 -94 13z"/>
<path d="M5050 1231 c0 -5 8 -28 19 -52 33 -79 407 -982 434 -1051 10 -25 17
-28 57 -28 l46 0 36 88 c20 48 77 184 126 302 49 118 137 330 196 471 58 141
106 261 106 268 0 6 -15 11 -33 11 l-33 0 -124 -297 c-126 -305 -160 -385
-250 -602 -28 -69 -56 -133 -62 -144 -9 -17 -21 5 -80 149 -38 93 -91 221
-118 284 -26 63 -70 169 -97 235 -169 407 -153 375 -190 375 -18 0 -33 -4 -33
-9z"/>
<path d="M7350 670 l0 -570 40 0 40 0 0 275 0 275 203 0 203 0 140 -275 139
-275 38 0 c20 0 37 2 37 5 0 2 -63 128 -141 280 -122 240 -138 276 -122 281
147 49 226 148 226 284 0 79 -25 141 -77 193 -84 85 -145 97 -471 97 l-255 0
0 -570z m575 489 c85 -29 155 -129 155 -220 0 -54 -43 -134 -87 -163 -80 -53
-112 -59 -345 -64 l-218 -4 0 237 0 237 228 -5 c158 -3 239 -8 267 -18z"/>
</g>
</svg>
